If any one want to solve questions before seeing the answer of it......so here it is All question together for u.

Q. Print every question on screen using C language.

Q01.

12345
1234
123
12
1

Q02.

12345
2345
345
45
5

Q03.

54321
4321
321
21
1

Q04.

54321
5432
543
54
5

Q05.

1
12
123
1234
12345

Q06.

5
45
345
2345
12345

Q07.

1
21
321
4321
54321

Q08.

5
54
543
5432
54321

Q09.

1
22
333
4444
55555

Q10.

5
44
333
2222
11111

Q11.

55555
4444
333
22
1

Q12.

11111
2222
333
44
5

Q13.

1234567
12345
123
1

Q14.

1
01
101
0101
10101

Q15.

1
10
101
1010
10101

Q16.

13579
3579
579
79
9

Q17.

1
2 4
1 3 5
2 4 6 8
1 3 5 7 9

Q18.

5 5 5 5 5
4 5 5 5 5
3 4 5 5 5 
2 3 4 5 5 
1 2 3 4 5 

Q19.

1
2 3
4 5 6
7 8 9 10

Q20.

1
2 3
4 5 6
7 8 9 10

Q21.

1
123
12345
1234567
123456789

Q22.

1234554321
1234**4321
123****321
12******21
1********1

Q23.

    1 
  2 3 4
5 6 7 8 9

Q24.

11111 
2222
333
22
1

Q25.

5432*
543*1
54*21
5*321
*4321

Q26.

1
121
12321
1234321
123454321

Q27.

0
909
89098
7890987
678909876
56789098765
4567890987654
345678909876543
23456789098765432
1234567890987654321

Q28.

1        1
12      21
123    321
1234  4321
1234554321

Q29.

    1
   21
  321
 4321
54321

Q30.

1
2*2
3*3*3
4*4*4*4
5*5*5*5*5
4*4*4*4
3*3*3
2*2
1

Q31.

11
12 13
13 14 15
14 15 16 17
15 16 17 18 19

Q32.

1
2 3
3 4 5
4 5 6 7
5 6 7 8 9

Q33.

0
1 2 
2 3 4
3 4 5 6
4 5 6 7 8
5 6 7 8 9 10

Q34.

             1
          2  3
       4  5  6
    7  8  9 10
11 12 13 14 15

Q35.

        5
      5 4
    5 4 3
  5 4 3 2
5 4 3 2 1

Q36.

1
212
32123
4321234
543212345

Q37.

 1  2  3  4  5
 6  7  8  9 
10 11 12
13 14 
15

Q38.

12345
23451
34521
45321
54321

Q39.

11111
0000
111
00
1

Q40.

                  1
              4   9  16
         25  36  49  64  81
    100 121 144 169  196 225 256
289 324 361 400 441 484 529 576 625

Q41.

1 1 1 1 1
1       1
1       1
1       1
1 1 1 1 1

Q42.

        1
      1  2
    1  2  3
  1  2  3  4
1  2  3  4  5

Q43.

    1
   123
  12345
 1234567
123456789
 1234567
  12345
   123
    1

Q44.

*OOO*OOO*
O*OO*OO*O
OO*O*O*OO
OOO***OOO

Q45.

5 5 5 5 5 5 5 5 5
5 4 4 4 4 4 4 4 5
5 4 3 3 3 3 3 4 5
5 4 3 2 2 2 3 4 5
5 4 3 2 1 2 3 4 5

Q46.

5 5 5 5 5 5 5 5 5
5 4 4 4 4 4 4 4 5
5 4 3 3 3 3 3 4 5
5 4 3 2 2 2 3 4 5
5 4 3 2 1 2 3 4 5
5 4 3 2 2 2 3 4 5
5 4 3 3 3 3 3 4 5
5 4 4 4 4 4 4 4 5
5 5 5 5 5 5 5 5 5

Q47.

 1
 2  4
 3  6  9
 4  8 12 16
 5 10 15 20 25
 6 12 18 24 30 36
 7 14 21 28 35 42 49
 8 16 24 32 40 48 56 64
 9 18 27 36 45 54 63 72 81
10 20 30 40 50 60 70 80 90 100

Q48.

1
11
121
1331
14641

Q49.

12345
21234
32123
43212
54321

Q50.

1
3 2
4 5 6
10 9 8 7
11 12 13 14 15

Q51.

1
232
34543
4567654
567898765

Q52.

1       1
 2     2
  3   3
   4 4
    5

Q53.

1       1
 2     2
  3   3
   4 4 
    5
   4 4
  3   3
 2     2
1       1

Q54.

1
2 6
3 7 10
4 8 11 13
5 9 12 14 15

Q55.

        1
      1 2 1
    1 2 3 2 1
  1 2 3 4 3 2 1
1 2 3 4 5 4 3 2 1

Q56.

    1
   2 2
  3   3
 4     4
5       5

Q57.

    1
   2 2
  3   3
 4     4
5       5
 4     4
  3   3
   2 2
    1

Q58.

1  2  3  4  5
16          6
15          7
14          8
13 12 11 10 9

Q59.

86523
8652
865
86
8

Q60.

3
32
325
3256
32568

Q61.

1    2    3    4    5    6    7    8    9   10
36  37   38   39   40   41   42   43   44   11
35  64   65   66   67   68   69   70   45   12
34  63   84   85   86   87   88   71   46   13
33  62   83   96   97   98   89   72   47   14
32  61   82   95  100   99   90   73   48   15
31  60   81   94   93   92   91   74   49   16
30  59   80   79   78   77   76   75   50   17
29  58   57   56   55   54   53   52   51   18
28  27   26   25   24   23   22   21   20   19


All answers are already given. You can find them by their question number.

Note--> if you know any pattern question which is not in this question set, please send me on my insta or twitter or linkedin.


